	-1.075247
	0.333140
	-2.040910
	-41.258090
	-35.872137
	26.315385
	9.843513
	-25.847760
	3.074739
	-23.327342
	-2.085609
	-37.822628
	-24.871697
	-29.176452
	19.441348
	2.956649
	8.863393
	-30.345607
	1.263851
	25.336428
	5.384509
	10.832370
	-17.544704
	-4.439620
	-3.589165
	9.562871
	-13.571977
	0.218226
	-1.514594
	-1.080688
	-2.657612
	-4.641444
	-10.096097
	10.378033
	-3.229644
	43.602157
	30.002731
	-26.073894
	-5.288942
	4.495099
	-21.451771
	0.051397
	-0.674727
	-18.258525
	21.361774
	-12.935713
	-33.006703
	-0.641019
	-11.114496
	2.033725
	2.553790
	22.829522
	-1.753708
	-10.643757
	2.361282
	1.292235
	10.482519
	-5.389774
	-2.329842
	5.019740
	-12.403296
	1.534332
	4.061760
	-1.502416
	29.856137
	20.260594
	13.126055
	-11.882708
	3.459992
	8.269338
	-1.434553
	20.461628
	-19.560678
	-12.435186
	-13.427029
	16.250999
	3.546405
	4.778224
	21.075766
	5.072534
	-14.374563
	-17.643121
	-187.965010
	0.745608
	-23.505156
	-24.368204
	-1.186026
	-3.655366
	8.254584
	-5.740698
	16.071223
	36.916177
	3.745412
