	0.784105
	6.732475
	-6.417738
	-18.801143
	-20.742462
	-0.342461
	2.863583
	7.991247
	1.198131
	-5.390290
	-1.522087
	-17.640999
	-8.130038
	-31.777608
	10.743098
	3.558246
	-3.708620
	-14.233626
	-7.235024
	18.898761
	13.918381
	0.065335
	-23.378270
	-4.750875
	-4.927054
	-0.663423
	-5.324530
	-12.675136
	1.352784
	0.871640
	-10.051459
	2.712730
	-4.269659
	1.333871
	-5.702271
	-4.763865
	28.414012
	-4.640025
	-2.726375
	4.290642
	-5.523055
	11.624096
	1.337123
	-2.121164
	14.150984
	-7.583810
	-15.060433
	10.553712
	4.503303
	-1.970341
	5.598744
	25.760391
	-5.702594
	-24.937088
	6.586350
	-4.542339
	3.931678
	-5.303323
	3.512700
	4.888026
	-11.539324
	-7.200989
	13.591508
	-6.346201
	1.294279
	-4.320349
	25.139045
	-3.148539
	6.358728
	5.597203
	2.857253
	32.887108
	2.680033
	2.889458
	-1.172081
	17.595556
	0.072734
	14.034580
	12.464031
	-1.220382
	-22.903774
	2.676082
	-63.959791
	-2.901609
	-13.825420
	-4.129173
	15.719904
	-28.450125
	25.223788
	-5.822174
	3.107602
	35.867719
	-11.775679
