	0.201022
	-8.323371
	-2.364589
	5.977286
	2.380388
	-4.005156
	4.018933
	-5.650640
	2.052020
	-8.836091
	1.865912
	-12.823087
	-0.916878
	12.186917
	4.229067
	-0.005937
	-0.041376
	-3.953313
	3.348211
	15.078842
	-4.751415
	-0.340292
	0.090622
	4.791742
	3.692236
	3.282371
	6.109816
	8.631830
	0.413630
	-4.769601
	1.119743
	7.655253
	3.137280
	-0.407533
	-10.607794
	-18.293785
	-13.692794
	-3.128556
	-3.593608
	-1.107135
	-3.081317
	-4.922318
	1.855492
	-3.306900
	1.525130
	-1.168208
	-9.655105
	-1.195708
	-6.809379
	-1.857134
	-0.646607
	-4.096597
	-0.392976
	7.770095
	-1.647259
	-1.095388
	-0.929558
	3.663737
	2.284017
	0.920099
	-1.784454
	-2.996781
	3.421779
	2.525050
	-3.321792
	-1.419617
	4.064545
	-1.933730
	1.565303
	-1.442573
	-4.708272
	7.690835
	-3.110718
	-3.124448
	-5.705414
	15.404628
	-6.393378
	-1.887611
	0.579191
	-3.561203
	0.446814
	-0.739515
	1.325948
	12.039743
	-6.957976
	-5.975535
	5.712010
	2.675010
	3.976107
	4.523316
	2.675687
	-10.515327
	6.612394
	3.269860
