	-2.104160
	-1.794516
	-0.387352
	3.612131
	1.711268
	4.888477
	0.360164
	5.078223
	-0.800439
	-0.366462
	4.817375
	-6.011506
	9.029688
	19.248824
	3.968754
	1.275446
	-5.367207
	3.506081
	4.032701
	7.733823
	10.822648
	2.880500
	4.937967
	2.653975
	3.525759
	-4.095375
	4.181292
	7.241119
	8.838335
	-0.938543
	1.908461
	6.027005
	-2.057014
	3.445092
	-10.014738
	14.432093
	-9.663427
	-3.596655
	-0.218115
	-1.227252
	2.839083
	0.413316
	4.947154
	0.070184
	1.004265
	0.637288
	-11.152893
	1.024011
	8.822521
	0.325075
	5.184749
	-8.773311
	0.819837
	7.504444
	-1.616917
	-2.321128
	0.889603
	0.254378
	-1.020397
	3.068353
	3.983679
	-5.496126
	6.885087
	2.925203
	0.183806
	-3.048630
	14.151578
	4.141665
	2.602821
	7.254180
	-0.349055
	4.780533
	-0.602339
	-3.411479
	3.624721
	-6.075536
	10.511009
	5.206371
	4.706821
	-4.795063
	6.087086
	9.899608
	12.680579
	0.917695
	-4.501186
	3.938318
	6.602252
	-2.971589
	1.876029
	8.004538
	9.336901
	10.519603
	1.371634
