	-1.670962
	2.243905
	-3.218610
	-1.157262
	-9.701749
	11.464776
	2.271854
	9.473499
	-1.994189
	-2.266802
	5.889329
	-14.228315
	3.895562
	3.379917
	6.407649
	3.487315
	-6.731794
	-2.048200
	0.823369
	10.346739
	19.454714
	3.478421
	-5.095477
	0.584273
	0.248285
	-4.478994
	2.973520
	2.575427
	10.272015
	-1.007838
	-3.289607
	5.057394
	-6.373113
	6.421081
	-11.467775
	11.990397
	1.750176
	-5.300853
	-1.555712
	0.723100
	0.923738
	7.372497
	6.105837
	-0.660855
	5.603399
	-1.926875
	-17.313385
	8.589448
	13.537230
	-0.980672
	8.214538
	4.654009
	-1.201510
	-0.336944
	1.333435
	-3.898394
	3.056129
	-3.562214
	0.996362
	6.152754
	-1.357356
	-12.320184
	12.446198
	-0.112304
	3.002871
	-6.487730
	23.439832
	2.196286
	4.504508
	9.868800
	1.004915
	13.255523
	1.360853
	-2.890652
	4.887391
	2.504092
	10.696726
	12.221233
	10.657178
	-5.392665
	-3.593906
	13.671833
	2.724787
	-4.688925
	-9.167397
	1.931571
	12.769287
	-19.504906
	4.183554
	6.727526
	20.031552
	35.189846
	-5.157943
