	-0.288321
	-6.156132
	8.770376
	12.217886
	-26.479151
	30.054385
	41.298050
	31.817003
	-4.068414
	-17.737538
	8.080779
	-0.877452
	18.905895
	-28.967615
	24.201664
	-5.496007
	4.786858
	0.898803
	-5.652425
	47.085581
	14.809875
	23.720653
	-13.742225
	17.430413
	11.820502
	-8.420276
	15.637403
	-16.333625
	-0.901260
	-5.483904
	-7.891278
	-0.894011
	-16.244984
	12.552047
	8.572009
	3.388719
	41.265585
	-12.855807
	11.616775
	30.832041
	-12.937075
	23.907285
	-6.167464
	-1.302778
	-15.777701
	-2.812670
	-9.388985
	20.445974
	14.294862
	11.745407
	-4.272840
	31.543635
	7.885375
	-35.150970
	25.641636
	13.124117
	10.523806
	-4.853502
	25.357564
	1.672011
	-1.081034
	-6.763278
	23.030969
	-13.823328
	24.223347
	40.728507
	23.500074
	7.783718
	2.504450
	7.067755
	0.687498
	32.723483
	1.377543
	1.069911
	-12.586414
	6.897073
	3.284555
	3.653389
	31.408626
	13.793857
	-22.733109
	11.943628
	-105.533381
	-7.442559
	-18.306527
	-4.330682
	15.773525
	-35.370260
	23.430041
	19.964067
	18.687415
	58.907255
	14.796657
