	-0.565522
	6.067637
	4.348428
	5.873646
	4.442611
	14.178411
	11.908996
	19.657663
	4.116679
	-2.197459
	4.158765
	5.379423
	-0.708557
	11.985402
	4.159570
	5.230608
	2.208571
	5.519556
	8.878335
	10.986700
	7.936530
	2.093120
	11.477907
	4.780616
	8.687495
	10.340522
	-1.914281
	12.593987
	9.420854
	2.185150
	-0.228902
	4.157814
	1.938179
	1.410831
	-0.981011
	5.673488
	3.726781
	-1.034181
	0.804219
	-4.993370
	5.910444
	1.885262
	8.084003
	7.006552
	12.068215
	6.558034
	-0.217260
	0.202564
	11.367946
	-2.370691
	4.337556
	-4.499023
	-1.272091
	17.114069
	3.493805
	2.511290
	4.150731
	-2.407946
	5.620713
	-2.602195
	5.177682
	2.708805
	12.579078
	-2.460792
	0.829676
	-0.177076
	8.987534
	6.883076
	13.950921
	4.970265
	2.671710
	7.276545
	-1.783503
	0.199660
	11.706839
	-2.174055
	9.121490
	-0.200539
	8.224827
	0.587252
	12.016552
	14.921103
	-4.210367
	-10.383680
	1.687089
	-2.463060
	12.454690
	2.764619
	6.023828
	1.770892
	2.206322
	7.550823
	10.018810
