	-7.897388
	2.995720
	2.525227
	39.182757
	20.900382
	0.101303
	9.591156
	29.128904
	9.028909
	5.265206
	10.183451
	18.711070
	12.853564
	32.182503
	-5.408782
	8.905718
	-2.946363
	26.827814
	-4.581778
	-7.363350
	10.367563
	-7.088610
	15.728980
	5.547405
	1.996907
	-11.299390
	18.312677
	11.240077
	-9.514772
	-0.931680
	2.517794
	11.011498
	7.512803
	-0.669301
	-7.603496
	1.551768
	-19.785071
	15.609826
	3.342727
	-2.713963
	14.486439
	-0.462738
	3.185090
	12.002814
	-10.793059
	8.891225
	2.128348
	0.726621
	26.008130
	-1.291762
	-3.820303
	-6.788262
	1.444170
	11.688452
	2.189597
	-3.124255
	-2.727146
	-6.107204
	2.601271
	0.979356
	14.183447
	0.710919
	10.865082
	4.593041
	-3.827691
	-11.419998
	6.069192
	14.327196
	11.434274
	1.042778
	1.073071
	-17.491795
	13.338582
	5.731154
	15.613283
	2.890279
	11.196670
	13.387750
	-3.991443
	14.280012
	7.800754
	35.011815
	189.704313
	-1.684503
	8.370934
	18.513762
	-4.369436
	9.329872
	-13.198801
	38.112937
	-1.760752
	2.740005
	2.111526
