	-8.972635
	3.328860
	0.484317
	-2.075333
	-14.971755
	26.416688
	19.434669
	3.281144
	12.103648
	-18.062136
	8.097842
	-19.111558
	-12.018133
	3.006051
	14.032565
	11.862368
	5.917031
	-3.517793
	-3.317928
	17.973078
	15.752072
	3.743760
	-1.815724
	1.107785
	-1.592258
	-1.736519
	4.740700
	11.458303
	-11.029366
	-2.012368
	-0.139818
	6.370054
	-2.583294
	9.708732
	-10.833139
	45.153925
	10.217659
	-10.464068
	-1.946215
	1.781137
	-6.965331
	-0.411341
	2.510363
	-6.255711
	10.568715
	-4.044488
	-30.878354
	0.085601
	14.893634
	0.741963
	-1.266513
	16.041260
	-0.309537
	1.044696
	4.550879
	-1.832020
	7.755373
	-11.496978
	0.271429
	5.999096
	1.780151
	2.245250
	14.926842
	3.090625
	26.028446
	8.840596
	19.195248
	2.444488
	14.894265
	9.312116
	-0.361482
	2.969833
	-6.222097
	-6.704032
	2.186255
	19.141278
	14.743075
	18.165974
	17.084324
	19.352546
	-6.573808
	17.368694
	1.739303
	-0.938896
	-15.134222
	-5.854442
	-5.555462
	5.674506
	-4.944216
	32.372239
	14.310470
	39.656182
	5.856938
