	-8.443072
	2.707215
	-0.124386
	9.018369
	1.560626
	11.283682
	15.685736
	23.236524
	16.284310
	-3.402387
	11.674784
	1.143814
	3.160660
	18.179043
	2.676080
	10.706143
	2.953305
	9.640304
	-1.829218
	13.040228
	12.561868
	-1.578533
	6.274676
	2.660778
	0.720206
	-7.168740
	10.833693
	15.244268
	-9.936453
	-0.241342
	2.822048
	5.006361
	-2.673201
	5.954786
	-11.750847
	20.303760
	-2.504280
	1.221732
	0.630505
	-0.272210
	2.438337
	-2.839493
	2.507592
	3.247977
	2.708695
	1.885711
	-15.806920
	2.651602
	17.235324
	-0.604922
	-2.132760
	3.235515
	0.262569
	3.791098
	3.766108
	-1.856210
	4.361657
	-8.094993
	1.620798
	3.301735
	6.206001
	-2.391188
	11.414165
	4.078850
	7.146089
	-3.636042
	14.036183
	10.332397
	13.785265
	6.176737
	0.550788
	3.172723
	-0.549339
	-4.656913
	4.776653
	10.856168
	11.566148
	13.631272
	6.641007
	15.843281
	0.122927
	24.367165
	27.363685
	1.852750
	-4.820401
	-1.358503
	-4.817094
	4.642703
	2.079379
	33.649191
	-0.356464
	16.571194
	3.366435
