	-2.438476
	-4.866016
	-5.983975
	14.763284
	-2.335116
	-0.012529
	-13.068957
	-8.122304
	13.685618
	12.754272
	13.990881
	-12.146453
	3.297527
	16.167789
	-2.468232
	-7.552692
	4.375614
	-2.503623
	4.522578
	18.788881
	-5.332496
	-2.725407
	-5.002618
	8.486453
	1.559829
	3.223921
	1.186198
	18.301496
	-1.553141
	-13.602852
	6.362601
	-4.733524
	-6.293298
	3.242586
	-12.420187
	6.245913
	-14.067798
	6.738055
	-5.144379
	-0.329410
	-5.880095
	-6.910225
	1.200321
	-2.004663
	-0.499074
	4.557787
	-13.309960
	4.762757
	-5.945193
	-0.575757
	-1.141230
	-0.989278
	1.915726
	1.767034
	-7.563481
	3.327189
	2.268826
	-2.158173
	3.188654
	-0.534938
	-14.242314
	-5.477177
	4.738923
	3.514448
	-4.354710
	-1.475698
	4.746069
	-0.307103
	4.127505
	-4.774621
	-14.902766
	9.915286
	-0.928659
	-4.232429
	-10.360393
	18.292756
	-5.643703
	2.026519
	-2.626136
	-9.075597
	-11.930836
	-2.423084
	12.199747
	27.222288
	-7.687563
	-4.182462
	2.923497
	2.290582
	13.568662
	9.541224
	16.360022
	-11.381675
	13.337600
	6.318128
