	-8.443072		-2.438476		-1.075247		-8.972635		-7.897388		-3.467884		2.065278		3.223760		-1.764427		-4.988186		-2.104160		0.201022		0.784105		-1.670962		-2.455068		-0.565522		-1.629525		-1.867000		-1.575914		0.291086		-0.588816		7.781581		-0.288321		-0.923185		-0.634864
	2.707215		-4.866016		0.333140		3.328860		2.995720		3.190283		-1.057046		5.938748		6.192721		0.253973		-1.794516		-8.323371		6.732475		2.243905		-4.488570		6.067637		1.876723		-2.588762		4.844054		7.432816		7.146027		-0.938874		-6.156132		4.460347		10.616480
	-0.124386		-5.983975		-2.040910		0.484317		2.525227		-1.097587		2.981607		-5.450401		-5.045962		0.404439		-0.387352		-2.364589		-6.417738		-3.218610		3.199128		4.348428		1.015172		-1.813479		3.508913		5.322392		5.866467		2.901917		8.770376		10.420046		1.649669
	9.018369		14.763284		-41.258090		-2.075333		39.182757		8.527309		14.347884		-22.927290		-0.686446		22.240843		3.612131		5.977286		-18.801143		-1.157262		17.643881		5.873646		3.829487		2.419941		10.255138		7.835197		1.796591		-3.250231		12.217886		10.774442		-1.443444
	1.560626		-2.335116		-35.872137		-14.971755		20.900382		3.737003		0.968661		-13.598158		-2.368233		11.229925		1.711268		2.380388		-20.742462		-9.701749		11.040713		4.442611		-0.586328		-11.427777		0.715197		12.142973		6.494776		7.233151		-26.479151		-8.806816		17.672334
	11.283682		-0.012529		26.315385		26.416688		0.101303		6.163556		-1.503761		9.011467		14.225358		5.213892		4.888477		-4.005156		-0.342461		11.464776		11.807236		14.178411		4.991917		-4.795704		15.744335		20.540039		5.809437		-8.258998		30.054385		27.577450		-2.476934
	15.685736		-13.068957		9.843513		19.434669		9.591156		1.249049		1.216266		15.978080		9.610604		-6.367475		0.360164		4.018933		2.863583		2.271854		-0.591729		11.908996		2.020073		-1.071582		11.826367		12.897949		2.951015		16.303056		41.298050		25.996567		-15.301483
	23.236524		-8.122304		-25.847760		3.281144		29.128904		17.626158		-4.669151		9.914413		25.263984		15.349571		5.078223		-5.650640		7.991247		9.473499		1.482252		19.657663		-6.611937		7.751890		25.147601		17.395710		25.566920		-13.821467		31.817003		47.172780		15.355777
	16.284310		13.685618		3.074739		12.103648		9.028909		-1.073814		4.878238		-3.250372		-5.601806		-2.351434		-0.800439		2.052020		1.198131		-1.994189		-3.192320		4.116679		7.708824		8.194758		2.505274		-5.689483		13.629719		8.315296		-4.068414		10.049295		14.117710
	-3.402387		12.754272		-23.327342		-18.062136		5.265206		-0.177598		-1.521693		-16.227662		-8.909891		7.317771		-0.366462		-8.836091		-5.390290		-2.266802		3.123488		-2.197459		5.299167		-10.991482		-8.901886		2.089595		1.329886		4.240636		-17.737538		-8.797809		8.939729
	11.674784		13.990881		-2.085609		8.097842		10.183451		5.614818		1.239413		10.653752		11.146479		0.492727		4.817375		1.865912		-1.522087		5.889329		7.411416		4.158765		6.700168		19.095656		7.427661		-11.667995		10.201265		4.749829		8.080779		14.945705		6.864927
	1.143814		-12.146453		-37.822628		-19.111558		18.711070		-13.778847		-2.314293		-13.057076		-21.375806		-8.318730		-6.011506		-12.823087		-17.640999		-14.228315		3.412685		5.379423		-11.288690		0.732175		8.378635		7.646461		2.848945		-7.152254		-0.877452		3.845409		4.722861
	3.160660		3.297527		-24.871697		-12.018133		12.853564		-0.435293		-7.973858		-5.381596		-4.515536		0.866060		9.029688		-0.916878		-8.130038		3.895562		12.025600		-0.708557		-2.909379		10.169367		5.407176		-4.762191		5.387264		-4.194053		18.905895		16.897877		-2.008018
	18.179043		16.167789		-29.176452		3.006051		32.182503		17.514113		21.137977		-27.692431		2.062627		29.755058		19.248824		12.186917		-31.777608		3.379917		35.157526		11.985402		12.522583		-14.824096		3.840089		18.664185		26.488471		5.371067		-28.967615		13.579166		42.546781
	2.676080		-2.468232		19.441348		14.032565		-5.408782		-0.674125		2.772393		14.300860		0.920539		-13.380320		3.968754		4.229067		10.743098		6.407649		-4.335449		4.159570		4.338834		11.618890		6.944869		-4.674021		4.557357		0.879880		24.201664		15.588055		-8.613610
	10.706143		-7.552692		2.956649		11.862368		8.905718		7.452063		-5.885489		-6.930711		2.690634		9.621344		1.275446		-0.005937		3.558246		3.487315		-0.070931		5.230608		-4.185213		16.004339		14.601010		-1.403330		0.910720		-2.047661		-5.496007		-2.654394		2.841613
	2.953305		4.375614		8.863393		5.917031		-2.946363		-6.043933		0.393887		4.244735		-4.565094		-8.809829		-5.367207		-0.041376		-3.708620		-6.731794		-3.023174		2.208571		-0.916399		-1.752642		1.697470		3.450112		1.391403		7.180876		4.786858		2.611360		-2.175498
	9.640304		-2.503623		-30.345607		-3.517793		26.827814		6.230960		-2.806022		-14.850663		0.414022		15.264685		3.506081		-3.953313		-14.233626		-2.048200		12.185425		5.519556		-0.019812		-9.288909		1.555261		10.844170		3.834789		-4.529121		0.898803		6.155922		5.257120
	-1.829218		4.522578		1.263851		-3.317928		-4.581778		3.358915		8.609592		-1.850153		-0.022042		1.828110		4.032701		3.348211		-7.235024		0.823369		8.058394		8.878335		15.951651		2.806705		5.279723		2.473018		7.027484		6.825750		-5.652425		3.539712		9.192137
	13.040228		18.788881		25.336428		17.973078		-7.363350		8.301664		22.774260		25.732216		10.650631		-15.081585		7.733823		15.078842		18.898761		10.346739		-8.552023		10.986700		7.173601		31.409308		24.008971		-7.400338		-8.943424		17.473193		47.085581		2.826981		-44.258600
	12.561868		-5.332496		5.384509		15.752072		10.367563		12.415398		-2.790026		25.970962		29.226861		3.255899		10.822648		-4.751415		13.918381		19.454714		5.536333		7.936530		-5.786341		17.542988		18.485703		0.942715		14.103547		0.593742		14.809875		24.432434		9.622559
	-1.578533		-2.725407		10.832370		3.743760		-7.088610		0.825729		0.312879		-0.674734		0.525156		1.199890		2.880500		-0.340292		0.065335		3.478421		3.413086		2.093120		-1.109552		-3.676868		1.271833		4.948701		5.650314		6.809430		23.720653		14.291560		-9.429093
	6.274676		-5.002618		-17.544704		-1.815724		15.728980		6.200308		-0.576461		-6.714672		3.234270		9.948941		4.937967		0.090622		-23.378270		-5.095477		18.282793		11.477907		-5.742279		-36.014386		-4.766376		31.248009		22.211747		-16.867385		-13.742225		14.679211		28.421436
	2.660778		8.486453		-4.439620		1.107785		5.547405		1.278959		-0.948325		-7.648077		-2.859681		4.788396		2.653975		4.791742		-4.750875		0.584273		5.335148		4.780616		6.398410		-9.875775		0.217020		10.092795		4.283145		5.091939		17.430413		14.156509		-3.273903
	0.720206		1.559829		-3.589165		-1.592258		1.996907		4.088832		5.828411		-8.622265		-1.555399		7.066866		3.525759		3.692236		-4.927054		0.248285		5.175339		8.687495		-2.988725		6.904857		13.195729		6.290873		6.527031		9.546626		11.820502		13.226278		1.405776
	-7.168740		3.223921		9.562871		-1.736519		-11.299390		-3.656907		3.897018		1.596125		-2.760394		-4.356519		-4.095375		3.282371		-0.663423		-4.478994		-3.815571		10.340522		3.721463		6.530264		13.989941		7.459677		5.308709		6.491328		-8.420276		0.469565		8.889841
	10.833693		1.186198		-13.571977		4.740700		18.312677		2.806981		4.516989		-4.367788		1.657184		6.024973		4.181292		6.109816		-5.324530		2.973520		8.298050		-1.914281		2.214060		-0.206984		-1.722480		-1.515496		3.993275		3.154839		15.637403		13.086717		-2.550686
	15.244268		18.301496		0.218226		11.458303		11.240077		10.575823		13.545163		-11.271250		4.692034		15.963284		7.241119		8.631830		-12.675136		2.575427		15.250563		12.593987		20.423968		-2.502436		4.411186		6.913622		11.363142		13.910815		-16.333625		4.296051		20.629676
	-9.936453		-1.553141		-1.514594		-11.029366		-9.514772		7.498613		2.210563		3.347578		8.825248		5.477670		8.838335		0.413630		1.352784		10.272015		8.919231		9.420854		5.811548		-4.583228		6.300675		10.883903		14.170904		-0.894674		-0.901260		15.870448		16.771708
	-0.241342		-13.602852		-1.080688		-2.012368		-0.931680		3.033843		-2.960750		-0.204116		2.683089		2.887205		-0.938543		-4.769601		0.871640		-1.007838		-1.879478		2.185150		-0.139008		-3.675677		0.471789		4.147466		10.011250		-4.535674		-5.483904		7.117336		12.601240
	2.822048		6.362601		-2.657612		-0.139818		2.517794		-1.549921		-0.683592		-11.139381		-7.459509		3.679872		1.908461		1.119743		-10.051459		-3.289607		6.761852		-0.228902		0.065357		-11.801391		-6.441825		5.359567		8.130323		13.113067		-7.891278		1.184120		9.075398
	5.006361		-4.733524		-4.641444		6.370054		11.011498		3.451293		1.995315		-9.064649		-0.797871		8.266778		6.027005		7.655253		2.712730		5.057394		2.344664		4.157814		-5.262893		1.935106		8.586633		6.651527		18.574815		12.795363		-0.894011		16.787807		17.681819
	-2.673201		-6.293298		-10.096097		-2.583294		7.512803		-1.615411		0.655807		-10.758626		-5.673618		5.085007		-2.057014		3.137280		-4.269659		-6.373113		-2.103453		1.938179		-1.416207		-8.187611		1.917049		10.104660		3.637806		-0.061277		-16.244984		1.616538		17.861522
	5.954786		3.242586		10.378033		9.708732		-0.669301		1.265729		1.689414		6.813103		2.442046		-4.371057		3.445092		-0.407533		1.333871		6.421081		5.087211		1.410831		0.446299		12.334255		5.359338		-6.974917		5.806730		-5.372170		12.552047		17.937244		5.385198
	-11.750847		-12.420187		-3.229644		-10.833139		-7.603496		-3.838777		-5.398742		-5.730083		-6.581049		-0.850966		-10.014738		-10.607794		-5.702271		-11.467775		-5.765505		-0.981011		-7.335721		5.006559		5.637314		0.630754		-7.918304		-5.582000		8.572009		-0.156801		-8.728810
	20.303760		6.245913		43.602157		45.153925		1.551768		12.917030		-7.887171		14.680286		21.278548		6.598262		14.432093		-18.293785		-4.763865		11.990397		16.754262		5.673488		-20.355928		-46.402037		-20.974712		25.427325		2.607147		0.100992		3.388719		4.567043		1.178324
	-2.504280		-14.067798		30.002731		10.217659		-19.785071		-7.329625		-13.861216		35.519248		6.504044		-29.015203		-9.663427		-13.692794		28.414012		1.750176		-26.663836		3.726781		-6.890755		18.603125		11.670464		-6.932661		9.384816		-14.269659		41.265585		26.942921		-14.322665
	1.221732		6.738055		-26.073894		-10.464068		15.609826		-1.885023		0.645598		-6.775349		-5.777853		0.997496		-3.596655		-3.128556		-4.640025		-5.300853		-0.660828		-1.034181		1.359169		-8.036084		-5.197806		2.838277		-2.747293		-9.722483		-12.855807		-1.089340		11.766468
	0.630505		-5.144379		-5.288942		-1.946215		3.342727		2.373242		1.798868		2.807789		3.788083		0.980294		-0.218115		-3.593608		-2.726375		-1.555712		1.170663		0.804219		-2.188985		10.841234		6.505034		-4.336199		4.589652		-5.617297		11.616775		10.851548		-0.765227
	-0.272210		-0.329410		4.495099		1.781137		-2.713963		-1.863806		1.329685		7.505010		-0.118920		-7.623930		-1.227252		-1.107135		4.290642		0.723100		-3.567542		-4.993370		1.752940		20.675122		0.962794		-19.712328		-5.165082		-7.474980		30.832041		10.264439		-20.567602
	2.438337		-5.880095		-21.451771		-6.965331		14.486439		2.908888		-3.461879		-11.836732		-2.109537		9.727194		2.839083		-3.081317		-5.523055		0.923738		6.446794		5.910444		-7.252518		-8.437414		3.770616		12.208030		7.726839		-7.617195		-12.937075		3.490596		16.427671
	-2.839493		-6.910225		0.051397		-0.411341		-0.462738		-4.269532		-6.774678		11.202316		2.910090		-8.292226		0.413316		-4.922318		11.624096		7.372497		-4.251599		1.885262		-4.754331		23.787192		14.330137		-9.457055		15.724782		-6.938714		23.907285		29.607442		5.700157
	2.507592		1.200321		-0.674727		2.510363		3.185090		4.166555		-3.407230		2.301415		4.854918		2.553503		4.947154		1.855492		1.337123		6.105837		4.768714		8.084003		-3.172134		-2.810246		6.523017		9.333263		21.786862		-7.989372		-6.167464		18.330524		24.497988
	3.247977		-2.004663		-18.258525		-6.255711		12.002814		3.934556		-2.174511		3.481909		6.170169		2.688259		0.070184		-3.306900		-2.121164		-0.660855		1.460309		7.006552		-3.475153		-0.853005		7.184457		8.037462		11.748656		-2.692367		-1.302778		11.684306		12.987084
	2.708695		-0.499074		21.361774		10.568715		-10.793059		14.504566		11.769819		12.692550		16.035664		3.343113		1.004265		1.525130		14.150984		5.603399		-8.547584		12.068215		5.314234		29.104608		21.511654		-7.592954		9.752775		4.745385		-15.777701		3.074283		18.851984
	1.885711		4.557787		-12.935713		-4.044488		8.891225		-1.497684		-0.578948		-14.026462		-6.977580		7.048882		0.637288		-1.168208		-7.583810		-1.926875		5.656936		6.558034		-2.790338		-6.990336		5.470580		12.460916		3.795210		-0.887760		-2.812670		3.485113		6.297783
	-15.806920		-13.309960		-33.006703		-30.878354		2.128348		-18.772772		-14.905667		-4.331883		-19.468916		-15.137033		-11.152893		-9.655105		-15.060433		-17.313385		-2.252953		-0.217260		8.540262		0.854444		-8.308513		-9.162957		-10.642716		-3.446349		-9.388985		-19.498255		-10.109270
	2.651602		4.762757		-0.641019		0.085601		0.726621		1.039879		1.041761		6.979670		4.442028		-2.537642		1.024011		-1.195708		10.553712		8.589448		-1.964263		0.202564		-3.965599		10.037561		9.677899		-0.359662		-0.772777		-2.758772		20.445974		11.286039		-9.159936
	17.235324		-5.945193		-11.114496		14.893634		26.008130		13.478508		-9.651406		3.808603		18.986508		15.177905		8.822521		-6.809379		4.503303		13.537230		9.033927		11.367946		-12.804050		0.273514		15.999016		15.725502		18.110464		-10.769288		14.294862		29.397508		15.102647
	-0.604922		-0.575757		2.033725		0.741963		-1.291762		5.886077		5.156368		-0.960700		5.287586		6.248286		0.325075		-1.857134		-1.970341		-0.980672		0.989669		-2.370691		6.627363		-22.895656		-17.292113		5.603542		-1.215257		2.249451		11.745407		6.392791		-5.352616
	-2.132760		-1.141230		2.553790		-1.266513		-3.820303		2.398987		-4.199014		5.541802		6.320967		0.779166		5.184749		-0.646607		5.598744		8.214538		2.615795		4.337556		2.003782		-6.853754		2.329852		9.183606		-1.146832		-3.397583		-4.272840		-1.230061		3.042779
	3.235515		-0.989278		22.829522		16.041260		-6.788262		-8.028445		-2.661622		22.483322		2.894590		-19.588732		-8.773311		-4.096597		25.760391		4.654009		-21.106382		-4.499023		-2.907270		23.829645		8.353693		-15.475952		2.427065		-14.199347		31.543635		29.475166		-2.068469
	0.262569		1.915726		-1.753708		-0.309537		1.444170		8.255532		0.349232		-2.375889		7.457899		9.833788		0.819837		-0.392976		-5.702594		-1.201510		4.501083		-1.272091		-2.410567		-22.053323		-9.250200		12.803123		10.681643		-4.024253		7.885375		13.280773		5.395398
	3.791098		1.767034		-10.643757		1.044696		11.688452		7.264690		-1.136330		-17.447041		4.550453		21.997493		7.504444		7.770095		-24.937088		-0.336944		24.600144		17.114069		1.548596		-13.278036		15.543575		28.821611		8.623942		9.189353		-35.150970		-2.147829		33.003141
	3.766108		-7.563481		2.361282		4.550879		2.189597		-1.769662		-5.791708		2.113434		-1.034864		-3.148298		-1.616917		-1.647259		6.586350		1.333435		-5.252914		3.493805		5.869038		1.512962		4.449585		2.936623		13.997224		-6.834172		25.641636		25.557092		-0.084544
	-1.856210		3.327189		1.292235		-1.832020		-3.124255		-4.212064		4.200620		0.590099		-4.650470		-5.240569		-2.321128		-1.095388		-4.542339		-3.898394		0.643944		2.511290		3.777954		6.224235		4.339046		-1.885189		-0.066481		5.536819		13.124117		4.064430		-9.059687
	4.361657		2.268826		10.482519		7.755373		-2.727146		4.782998		1.188281		-1.814723		5.296902		7.111625		0.889603		-0.929558		3.931678		3.056129		-0.875549		4.150731		-4.168938		3.396320		9.661595		6.265275		5.625512		-1.279873		10.523806		11.949322		1.425515
	-8.094993		-2.158173		-5.389774		-11.496978		-6.107204		-1.198681		-0.177073		-3.101017		-3.156166		-0.055149		0.254378		3.663737		-5.303323		-3.562214		1.741109		-2.407946		1.938843		1.600315		-1.827082		-3.427397		0.765041		0.065166		-4.853502		-2.227413		2.626089
	1.620798		3.188654		-2.329842		0.271429		2.601271		2.031363		-2.087372		4.392629		4.558729		0.166099		-1.020397		2.284017		3.512700		0.996362		-2.516338		5.620713		3.250632		-0.783523		5.157664		5.941187		7.231101		3.966280		25.357564		21.623137		-3.734428
	3.301735		-0.534938		5.019740		5.999096		0.979356		0.372251		3.850611		4.269224		3.695167		-0.574057		3.068353		0.920099		4.888026		6.152754		1.264729		-2.602195		4.849668		1.724632		-0.513875		-2.238507		8.099062		1.659537		1.672011		10.385963		8.713952
	6.206001		-14.242314		-12.403296		1.780151		14.183447		-0.595295		-6.013081		-10.210906		-4.959533		5.251373		3.983679		-1.784454		-11.539324		-1.357356		10.181968		5.177682		-3.986015		-4.286849		3.617106		7.903956		9.425639		-3.924946		-1.081034		9.511194		10.592229
	-2.391188		-5.477177		1.534332		2.245250		0.710919		-1.177851		-3.255032		-9.198192		-5.157641		4.040551		-5.496126		-2.996781		-7.200989		-12.320184		-5.119196		2.708805		-10.125890		-4.454197		12.715798		17.169995		-1.228005		-10.048721		-6.763278		3.535737		10.299015
	11.414165		4.738923		4.061760		14.926842		10.865082		14.016579		10.037679		7.406392		16.528792		9.122400		6.885087		3.421779		13.591508		12.446198		-1.145310		12.579078		8.615781		21.126259		20.014407		-1.111853		17.270129		4.065109		23.030969		30.294817		7.263849
	4.078850		3.514448		-1.502416		3.090625		4.593041		-2.159845		5.333226		-4.808104		-5.006899		-0.198795		2.925203		2.525050		-6.346201		-0.112304		6.233897		-2.460792		11.685442		-5.050426		-6.214900		-1.164474		4.230222		12.207572		-13.823328		-3.343346		10.479982
	7.146089		-4.354710		29.856137		26.028446		-3.827691		-0.609908		-4.785742		6.384039		4.944918		-1.439121		0.183806		-3.321792		1.294279		3.002871		1.708592		0.829676		-6.405359		19.624113		13.614292		-6.009821		6.154265		-5.360141		24.223347		23.034944		-1.188403
	-3.636042		-1.475698		20.260594		8.840596		-11.419998		-4.379394		1.356261		8.595776		-2.155335		-10.751110		-3.048630		-1.419617		-4.320349		-6.487730		-2.167381		-0.177076		5.819182		23.555624		10.938756		-12.616868		9.515193		15.851677		40.728507		30.164461		-10.564045
	14.036183		4.746069		13.126055		19.195248		6.069192		8.626466		4.575842		16.851789		13.392437		-3.459353		14.151578		4.064545		25.139045		23.439832		-1.699213		8.987534		-2.054014		-6.895936		11.225715		18.121651		13.546195		-9.138977		23.500074		30.930490		7.430416
	10.332397		-0.307103		-11.882708		2.444488		14.327196		3.282544		-5.184734		2.198603		5.085720		2.887117		4.141665		-1.933730		-3.148539		2.196286		5.344826		6.883076		-2.989343		13.609936		16.229181		2.619245		7.265184		-6.571061		7.783718		12.927313		5.143594
	13.785265		4.127505		3.459992		14.894265		11.434274		6.961983		-3.033281		10.308074		11.722896		1.414822		2.602821		1.565303		6.358728		4.504508		-1.854220		13.950921		-1.216462		-2.751077		14.598385		17.349462		12.195230		-2.005446		2.504450		14.864688		12.360238
	6.176737		-4.774621		8.269338		9.312116		1.042778		7.575520		0.192630		3.387637		9.471859		6.084222		7.254180		-1.442573		5.597203		9.868800		4.271597		4.970265		3.654984		2.693183		7.072300		4.379117		7.455698		-2.465156		7.067755		10.558261		3.490506
	0.550788		-14.902766		-1.434553		-0.361482		1.073071		2.288711		-5.915832		-4.799134		-0.180471		4.618663		-0.349055		-4.708272		2.857253		1.004915		-1.852338		2.671710		-6.806861		1.858836		3.494819		1.635983		2.932816		-6.941857		0.687498		3.178601		2.491103
	3.172723		9.915286		20.461628		2.969833		-17.491795		3.187043		4.593758		27.366037		11.879840		-15.486197		4.780533		7.690835		32.887108		13.255523		-19.631585		7.276545		10.091358		43.892015		20.429179		-23.462837		5.111558		11.445668		32.723483		9.421555		-23.301928
	-0.549339		-0.928659		-19.560678		-6.222097		13.338582		-4.781029		-9.775238		-3.508216		-3.012978		0.495238		-0.602339		-3.110718		2.680033		1.360853		-1.319180		-1.783503		-4.039851		10.027109		2.503799		-7.523310		-2.134901		0.053954		1.377543		-2.344061		-3.721603
	-4.656913		-4.232429		-12.435186		-6.704032		5.731154		-2.035659		-3.367406		-7.354439		-2.337400		5.017039		-3.411479		-3.124448		2.889458		-2.890652		-5.780111		0.199660		-0.798872		5.143952		1.660916		-3.483036		3.789584		6.077381		1.069911		2.326169		1.256258
	4.776653		-10.360393		-13.427029		2.186255		15.613283		3.069313		-6.321779		-8.246002		1.446167		9.692169		3.624721		-5.705414		-1.172081		4.887391		6.059473		11.706839		7.787286		0.307687		11.233295		10.925607		2.588473		-6.702271		-12.586414		-0.753687		11.832727
	10.856168		-5.643703		16.250999		19.141278		2.890279		-5.441727		-4.021598		12.492469		0.573362		-11.919107		-6.075536		-6.393378		17.595556		2.504092		-15.091463		-2.174055		5.935458		29.400879		10.086259		-19.314621		2.191225		-5.380365		6.897073		5.965712		-0.931361
	11.566148		2.026519		3.546405		14.743075		11.196670		11.843936		-0.665467		3.435722		14.408260		10.972538		10.511009		-1.887611		0.072734		10.696726		10.623992		9.121490		-4.732869		1.292839		9.358589		8.065750		2.163001		-3.294106		3.284555		3.582385		0.297831
	13.631272		-2.626136		4.778224		18.165974		13.387750		6.845115		-0.381801		-3.458287		7.768385		11.226671		5.206371		0.579191		14.034580		12.221233		-1.813347		-0.200539		3.588047		4.011760		3.433569		-0.578191		10.180761		-4.484098		3.653389		12.003241		8.349852
	6.641007		-9.075597		21.075766		17.084324		-3.991443		-1.220338		-3.880002		9.174317		3.269863		-5.904454		4.706821		-3.561203		12.464031		10.657178		-1.806853		8.224827		-6.768574		12.077305		14.451537		2.374232		13.458568		2.348966		31.408626		26.971187		-4.437439
	15.843281		-11.930836		5.072534		19.352546		14.280012		3.562351		-2.166907		-0.828022		3.516483		4.344506		-4.795063		0.446814		-1.220382		-5.392665		-4.172283		0.587252		-9.033422		8.535817		4.801283		-3.734533		-2.817487		-8.068662		13.793857		3.274410		-10.519447
	0.122927		-2.423084		-14.374563		-6.573808		7.800754		12.671968		11.021145		-20.895417		1.237327		22.132745		6.087086		-0.739515		-22.903774		-3.593906		19.309868		12.016552		13.165929		-12.782922		3.689096		16.472017		16.722627		10.211654		-22.733109		6.162647		28.895756
	24.367165		12.199747		-17.643121		17.368694		35.011815		4.662801		-2.829356		-0.410419		8.716083		9.126502		9.899608		1.325948		2.676082		13.671833		10.995751		14.921103		-0.874401		9.554566		25.066374		15.511808		6.522327		-1.164545		11.943628		14.396084		2.452457
	27.363685		27.222288		-187.965010		1.739303		189.704313		7.902871		12.679321		-24.758892		-6.118290		18.640603		12.680579		12.039743		-63.959791		2.724787		66.684578		-4.210367		3.032027		-2.457778		-14.096098		-11.638319		-13.759600		-1.808390		-105.533381		-30.718006		74.815376
	1.852750		-7.687563		0.745608		-0.938896		-1.684503		1.725495		-0.713204		8.189974		8.478404		0.288430		0.917695		-6.957976		-2.901609		-4.688925		-1.787317		-10.383680		2.201185		3.831967		-8.634553		-12.466521		2.633029		-8.979733		-7.442559		-7.144592		0.297967
	-4.820401		-4.182462		-23.505156		-15.134222		8.370934		-5.236726		-3.629673		-22.486146		-15.657012		6.829134		-4.501186		-5.975535		-13.825420		-9.167397		4.658023		1.687089		3.357645		-26.676079		-11.523449		15.152630		-1.878635		-2.668712		-18.306527		-9.386695		8.919832
	-1.358503		2.923497		-24.368204		-5.854442		18.513762		-1.283571		-8.896830		3.795153		2.654477		-1.140675		3.938318		5.712010		-4.129173		1.931571		6.060744		-2.463060		-12.800919		-2.663883		2.089659		4.753542		-2.441956		-9.791207		-4.330682		0.659819		4.990501
	-4.817094		2.290582		-1.186026		-5.555462		-4.369436		14.175970		1.474901		11.640223		18.785669		7.145446		6.602252		2.675010		15.719904		12.769287		-2.950617		12.454690		7.710877		37.644884		26.932944		-10.711941		-10.210333		1.298677		15.773525		-4.013406		-19.786930
	4.642703		13.568662		-3.655366		5.674506		9.329872		-3.777784		-2.382912		-29.746872		-22.797068		6.949804		-2.971589		3.976107		-28.450125		-19.504906		8.945219		2.764619		6.699643		-18.878199		-7.137146		11.741053		1.530791		14.396976		-35.370260		-16.821988		18.548272
	2.079379		9.541224		8.254584		-4.944216		-13.198801		0.543679		3.325687		26.317868		3.171279		-23.146589		1.876029		4.523316		25.223788		4.183554		-21.040234		6.023828		2.296785		31.244837		16.048225		-15.196612		12.452111		4.767905		23.430041		23.615803		0.185762
	33.649191		16.360022		-5.740698		32.372239		38.112937		9.625976		2.715642		-2.902401		9.935058		12.837459		8.004538		2.675687		-5.822174		6.727526		12.549700		1.770892		-4.972105		18.238869		12.254804		-5.984065		5.556606		-9.923103		19.964067		20.692177		0.728110
	-0.356464		-11.381675		16.071223		14.310470		-1.760752		8.992659		-6.654013		25.424871		27.362149		1.937278		9.336901		-10.515327		3.107602		20.031552		16.923950		2.206322		-8.283219		-5.312715		5.517957		10.830672		-10.684706		-16.045298		18.687415		5.216766		-13.470649
	16.571194		13.337600		36.916177		39.656182		2.740005		12.743398		4.507396		25.889627		35.563796		9.674169		10.519603		6.612394		35.867719		35.189846		-0.677873		7.550823		13.236245		-7.114089		-5.105125		2.008964		17.350895		12.543229		58.907255		55.629060		-3.278195
	3.366435		6.318128		3.745412		5.856938		2.111526		-0.256956		2.075953		-9.445832		-5.500718		3.945113		1.371634		3.269860		-11.775679		-5.157943		6.617736		10.018810		5.885624		-8.279798		5.660658		13.940456		13.263258		1.789710		14.796657		21.718301		6.921644
