	2.065278
	-1.057046
	2.981607
	14.347884
	0.968661
	-1.503761
	1.216266
	-4.669151
	4.878238
	-1.521693
	1.239413
	-2.314293
	-7.973858
	21.137977
	2.772393
	-5.885489
	0.393887
	-2.806022
	8.609592
	22.774260
	-2.790026
	0.312879
	-0.576461
	-0.948325
	5.828411
	3.897018
	4.516989
	13.545163
	2.210563
	-2.960750
	-0.683592
	1.995315
	0.655807
	1.689414
	-5.398742
	-7.887171
	-13.861216
	0.645598
	1.798868
	1.329685
	-3.461879
	-6.774678
	-3.407230
	-2.174511
	11.769819
	-0.578948
	-14.905667
	1.041761
	-9.651406
	5.156368
	-4.199014
	-2.661622
	0.349232
	-1.136330
	-5.791708
	4.200620
	1.188281
	-0.177073
	-2.087372
	3.850611
	-6.013081
	-3.255032
	10.037679
	5.333226
	-4.785742
	1.356261
	4.575842
	-5.184734
	-3.033281
	0.192630
	-5.915832
	4.593758
	-9.775238
	-3.367406
	-6.321779
	11.426181
	-4.021598
	-0.665467
	-0.381801
	-3.880002
	-2.166907
	11.021145
	-2.829356
	12.679321
	-0.713204
	-3.629673
	-8.896830
	1.474901
	-2.382912
	3.325687
	2.715642
	-6.654013
	4.507396
	2.075953
