	-1.764427
	6.192721
	-5.045962
	-0.686446
	-2.368233
	14.225358
	9.610604
	25.263984
	-5.601806
	-8.909891
	11.146479
	-21.375806
	-4.515536
	2.062627
	0.920539
	2.690634
	-4.565094
	0.414022
	-0.022042
	10.650631
	29.226861
	0.525156
	3.234270
	-2.859681
	-1.555399
	-2.760394
	1.657184
	4.692034
	8.825248
	2.683089
	-7.459509
	-0.797871
	-5.673618
	2.442046
	-6.581049
	21.278548
	6.504044
	-5.777853
	3.788083
	-0.118920
	-2.109537
	2.910090
	4.854918
	6.170169
	16.035664
	-6.977580
	-19.468916
	4.442028
	18.986508
	5.287586
	6.320967
	2.894590
	7.457899
	4.550453
	-1.034864
	-4.650470
	5.296902
	-3.156166
	4.558729
	3.695167
	-4.959533
	-5.157641
	16.528792
	-5.006899
	4.944918
	-2.155335
	13.392437
	5.085720
	11.722896
	9.471859
	-0.180471
	11.879840
	-3.012978
	-2.337400
	1.446167
	0.573362
	14.408260
	7.768385
	3.269863
	3.516483
	1.237327
	8.716083
	-6.118290
	8.478404
	-15.657012
	2.654477
	18.785669
	-22.797068
	3.171279
	9.935058
	27.362149
	35.563796
	-5.500718
