	-3.467884
	3.190283
	-1.097587
	8.527309
	3.737003
	6.163556
	1.249049
	17.626158
	-1.073814
	-0.177598
	5.614818
	-13.778847
	-0.435293
	17.514113
	-0.674125
	7.452063
	-6.043933
	6.230960
	3.358915
	8.301664
	12.415398
	0.825729
	6.200308
	1.278959
	4.088832
	-3.656907
	2.806981
	10.575823
	7.498613
	3.033843
	-1.549921
	3.451293
	-1.615411
	1.265729
	-3.838777
	12.917030
	-7.329625
	-1.885023
	2.373242
	-1.863806
	2.908888
	-4.269532
	4.166555
	3.934556
	14.504566
	-1.497684
	-18.772772
	1.039879
	13.478508
	5.886077
	2.398987
	-8.028445
	8.255532
	7.264690
	-1.769662
	-4.212064
	4.782998
	-1.198681
	2.031363
	0.372251
	-0.595295
	-1.177851
	14.016579
	-2.159845
	-0.609908
	-4.379394
	8.626466
	3.282544
	6.961983
	7.575520
	2.288711
	3.187043
	-4.781029
	-2.035659
	3.069313
	-5.441727
	11.843936
	6.845115
	-1.220338
	3.562351
	12.671968
	4.662801
	7.902871
	1.725495
	-5.236726
	-1.283571
	14.175970
	-3.777784
	0.543679
	9.625976
	8.992659
	12.743398
	-0.256956
