	-4.988186
	0.253973
	0.404439
	22.240843
	11.229925
	5.213892
	-6.367475
	15.349571
	-2.351434
	7.317771
	0.492727
	-8.318730
	0.866060
	29.755058
	-13.380320
	9.621344
	-8.809829
	15.264685
	1.828110
	-15.081585
	3.255899
	1.199890
	9.948941
	4.788396
	7.066866
	-4.356519
	6.024973
	15.963284
	5.477670
	2.887205
	3.679872
	8.266778
	5.085007
	-4.371057
	-0.850966
	6.598262
	-29.015203
	0.997496
	0.980294
	-7.623930
	9.727194
	-8.292226
	2.553503
	2.688259
	3.343113
	7.048882
	-15.137033
	-2.537642
	15.177905
	6.248286
	0.779166
	-19.588732
	9.833788
	21.997493
	-3.148298
	-5.240569
	7.111625
	-0.055149
	0.166099
	-0.574057
	5.251373
	4.040551
	9.122400
	-0.198795
	-1.439121
	-10.751110
	-3.459353
	2.887117
	1.414822
	6.084222
	4.618663
	-15.486197
	0.495238
	5.017039
	9.692169
	-11.919107
	10.972538
	11.226671
	-5.904454
	4.344506
	22.132745
	9.126502
	18.640603
	0.288430
	6.829134
	-1.140675
	7.145446
	6.949804
	-23.146589
	12.837459
	1.937278
	9.674169
	3.945113
