	3.223760
	5.938748
	-5.450401
	-22.927290
	-13.598158
	9.011467
	15.978080
	9.914413
	-3.250372
	-16.227662
	10.653752
	-13.057076
	-5.381596
	-27.692431
	14.300860
	-6.930711
	4.244735
	-14.850663
	-1.850153
	25.732216
	25.970962
	-0.674734
	-6.714672
	-7.648077
	-8.622265
	1.596125
	-4.367788
	-11.271250
	3.347578
	-0.204116
	-11.139381
	-9.064649
	-10.758626
	6.813103
	-5.730083
	14.680286
	35.519248
	-6.775349
	2.807789
	7.505010
	-11.836732
	11.202316
	2.301415
	3.481909
	12.692550
	-14.026462
	-4.331883
	6.979670
	3.808603
	-0.960700
	5.541802
	22.483322
	-2.375889
	-17.447041
	2.113434
	0.590099
	-1.814723
	-3.101017
	4.392629
	4.269224
	-10.210906
	-9.198192
	7.406392
	-4.808104
	6.384039
	8.595776
	16.851789
	2.198603
	10.308074
	3.387637
	-4.799134
	27.366037
	-3.508216
	-7.354439
	-8.246002
	12.492469
	3.435722
	-3.458287
	9.174317
	-0.828022
	-20.895417
	-0.410419
	-24.758892
	8.189974
	-22.486146
	3.795153
	11.640223
	-29.746872
	26.317868
	-2.902401
	25.424871
	25.889627
	-9.445832
