	-2.455068
	-4.488570
	3.199128
	17.643881
	11.040713
	11.807236
	-0.591729
	1.482252
	-3.192320
	3.123488
	7.411416
	3.412685
	12.025600
	35.157526
	-4.335449
	-0.070931
	-3.023174
	12.185425
	8.058394
	-8.552023
	5.536333
	3.413086
	18.282793
	5.335148
	5.175339
	-3.815571
	8.298050
	15.250563
	8.919231
	-1.879478
	6.761852
	2.344664
	-2.103453
	5.087211
	-5.765505
	16.754262
	-26.663836
	-0.660828
	1.170663
	-3.567542
	6.446794
	-4.251599
	4.768714
	1.460309
	-8.547584
	5.656936
	-2.252953
	-1.964263
	9.033927
	0.989669
	2.615795
	-21.106382
	4.501083
	24.600144
	-5.252914
	0.643944
	-0.875549
	1.741109
	-2.516338
	1.264729
	10.181968
	-5.119196
	-1.145310
	6.233897
	1.708592
	-2.167381
	-1.699213
	5.344826
	-1.854220
	4.271597
	-1.852338
	-19.631585
	-1.319180
	-5.780111
	6.059473
	-15.091463
	10.623992
	-1.813347
	-1.806853
	-4.172283
	19.309868
	10.995751
	66.684578
	-1.787317
	4.658023
	6.060744
	-2.950617
	8.945219
	-21.040234
	12.549700
	16.923950
	-0.677873
	6.617736
