	-0.923185
	4.460347
	10.420046
	10.774442
	-8.806816
	27.577450
	25.996567
	47.172780
	10.049295
	-8.797809
	14.945705
	3.845409
	16.897877
	13.579166
	15.588055
	-2.654394
	2.611360
	6.155922
	3.539712
	2.826981
	24.432434
	14.291560
	14.679211
	14.156509
	13.226278
	0.469565
	13.086717
	4.296051
	15.870448
	7.117336
	1.184120
	16.787807
	1.616538
	17.937244
	-0.156801
	4.567043
	26.942921
	-1.089340
	10.851548
	10.264439
	3.490596
	29.607442
	18.330524
	11.684306
	3.074283
	3.485113
	-19.498255
	11.286039
	29.397508
	6.392791
	-1.230061
	29.475166
	13.280773
	-2.147829
	25.557092
	4.064430
	11.949322
	-2.227413
	21.623137
	10.385963
	9.511194
	3.535737
	30.294817
	-3.343346
	23.034944
	30.164461
	30.930490
	12.927313
	14.864688
	10.558261
	3.178601
	9.421555
	-2.344061
	2.326169
	-0.753687
	5.965712
	3.582385
	12.003241
	26.971187
	3.274410
	6.162647
	14.396084
	-30.718006
	-7.144592
	-9.386695
	0.659819
	-4.013406
	-16.821988
	23.615803
	20.692177
	5.216766
	55.629060
	21.718301
