	7.781581
	-0.938874
	2.901917
	-3.250231
	7.233151
	-8.258998
	16.303056
	-13.821467
	8.315296
	4.240636
	4.749829
	-7.152254
	-4.194053
	5.371067
	0.879880
	-2.047661
	7.180876
	-4.529121
	6.825750
	17.473193
	0.593742
	6.809430
	-16.867385
	5.091939
	9.546626
	6.491328
	3.154839
	13.910815
	-0.894674
	-4.535674
	13.113067
	12.795363
	-0.061277
	-5.372170
	-5.582000
	0.100992
	-14.269659
	-9.722483
	-5.617297
	-7.474980
	-7.617195
	-6.938714
	-7.989372
	-2.692367
	4.745385
	-0.887760
	-3.446349
	-2.758772
	-10.769288
	2.249451
	-3.397583
	-14.199347
	-4.024253
	9.189353
	-6.834172
	5.536819
	-1.279873
	0.065166
	3.966280
	1.659537
	-3.924946
	-10.048721
	4.065109
	12.207572
	-5.360141
	15.851677
	-9.138977
	-6.571061
	-2.005446
	-2.465156
	-6.941857
	11.445668
	0.053954
	6.077381
	-6.702271
	14.646202
	-5.380365
	-3.294106
	-4.484098
	2.348966
	-8.068662
	10.211654
	-1.164545
	-1.808390
	-8.979733
	-2.668712
	-9.791207
	1.298677
	14.396976
	4.767905
	-9.923103
	-16.045298
	12.543229
	1.789710
