	-0.634864
	10.616480
	1.649669
	-1.443444
	17.672334
	-2.476934
	-15.301483
	15.355777
	14.117710
	8.939729
	6.864927
	4.722861
	-2.008018
	42.546781
	-8.613610
	2.841613
	-2.175498
	5.257120
	9.192137
	-44.258600
	9.622559
	-9.429093
	28.421436
	-3.273903
	1.405776
	8.889841
	-2.550686
	20.629676
	16.771708
	12.601240
	9.075398
	17.681819
	17.861522
	5.385198
	-8.728810
	1.178324
	-14.322665
	11.766468
	-0.765227
	-20.567602
	16.427671
	5.700157
	24.497988
	12.987084
	18.851984
	6.297783
	-10.109270
	-9.159936
	15.102647
	-5.352616
	3.042779
	-2.068469
	5.395398
	33.003141
	-0.084544
	-9.059687
	1.425515
	2.626089
	-3.734428
	8.713952
	10.592229
	10.299015
	7.263849
	10.479982
	-1.188403
	-10.564045
	7.430416
	5.143594
	12.360238
	3.490506
	2.491103
	-23.301928
	-3.721603
	1.256258
	11.832727
	-0.931361
	0.297831
	8.349852
	-4.437439
	-10.519447
	28.895756
	2.452457
	74.815376
	0.297967
	8.919832
	4.990501
	-19.786930
	18.548272
	0.185762
	0.728110
	-13.470649
	-3.278195
	6.921644
