	-0.588816
	7.146027
	5.866467
	1.796591
	6.494776
	5.809437
	2.951015
	25.566920
	13.629719
	1.329886
	10.201265
	2.848945
	5.387264
	26.488471
	4.557357
	0.910720
	1.391403
	3.834789
	7.027484
	-8.943424
	14.103547
	5.650314
	22.211747
	4.283145
	6.527031
	5.308709
	3.993275
	11.363142
	14.170904
	10.011250
	8.130323
	18.574815
	3.637806
	5.806730
	-7.918304
	2.607147
	9.384816
	-2.747293
	4.589652
	-5.165082
	7.726839
	15.724782
	21.786862
	11.748656
	9.752775
	3.795210
	-10.642716
	-0.772777
	18.110464
	-1.215257
	-1.146832
	2.427065
	10.681643
	8.623942
	13.997224
	-0.066481
	5.625512
	0.765041
	7.231101
	8.099062
	9.425639
	-1.228005
	17.270129
	4.230222
	6.154265
	9.515193
	13.546195
	7.265184
	12.195230
	7.455698
	2.932816
	5.111558
	-2.134901
	3.789584
	2.588473
	2.191225
	2.163001
	10.180761
	13.458568
	-2.817487
	16.722627
	6.522327
	-13.759600
	2.633029
	-1.878635
	-2.441956
	-10.210333
	1.530791
	12.452111
	5.556606
	-10.684706
	17.350895
	13.263258
