	-1.575914
	4.844054
	3.508913
	10.255138
	0.715197
	15.744335
	11.826367
	25.147601
	2.505274
	-8.901886
	7.427661
	8.378635
	5.407176
	3.840089
	6.944869
	14.601010
	1.697470
	1.555261
	5.279723
	24.008971
	18.485703
	1.271833
	-4.766376
	0.217020
	13.195729
	13.989941
	-1.722480
	4.411186
	6.300675
	0.471789
	-6.441825
	8.586633
	1.917049
	5.359338
	5.637314
	-20.974712
	11.670464
	-5.197806
	6.505034
	0.962794
	3.770616
	14.330137
	6.523017
	7.184457
	21.511654
	5.470580
	-8.308513
	9.677899
	15.999016
	-17.292113
	2.329852
	8.353693
	-9.250200
	15.543575
	4.449585
	4.339046
	9.661595
	-1.827082
	5.157664
	-0.513875
	3.617106
	12.715798
	20.014407
	-6.214900
	13.614292
	10.938756
	11.225715
	16.229181
	14.598385
	7.072300
	3.494819
	20.429179
	2.503799
	1.660916
	11.233295
	10.086259
	9.358589
	3.433569
	14.451537
	4.801283
	3.689096
	25.066374
	-14.096098
	-8.634553
	-11.523449
	2.089659
	26.932944
	-7.137146
	16.048225
	12.254804
	5.517957
	-5.105125
	5.660658
