	-1.629525
	1.876723
	1.015172
	3.829487
	-0.586328
	4.991917
	2.020073
	-6.611937
	7.708824
	5.299167
	6.700168
	-11.288690
	-2.909379
	12.522583
	4.338834
	-4.185213
	-0.916399
	-0.019812
	15.951651
	7.173601
	-5.786341
	-1.109552
	-5.742279
	6.398410
	-2.988725
	3.721463
	2.214060
	20.423968
	5.811548
	-0.139008
	0.065357
	-5.262893
	-1.416207
	0.446299
	-7.335721
	-20.355928
	-6.890755
	1.359169
	-2.188985
	1.752940
	-7.252518
	-4.754331
	-3.172134
	-3.475153
	5.314234
	-2.790338
	8.540262
	-3.965599
	-12.804050
	6.627363
	2.003782
	-2.907270
	-2.410567
	1.548596
	5.869038
	3.777954
	-4.168938
	1.938843
	3.250632
	4.849668
	-3.986015
	-10.125890
	8.615781
	11.685442
	-6.405359
	5.819182
	-2.054014
	-2.989343
	-1.216462
	3.654984
	-6.806861
	10.091358
	-4.039851
	-0.798872
	7.787286
	15.480542
	5.935458
	-4.732869
	3.588047
	-6.768574
	-9.033422
	13.165929
	-0.874401
	3.032027
	2.201185
	3.357645
	-12.800919
	7.710877
	6.699643
	2.296785
	-4.972105
	-8.283219
	13.236245
	5.885624
