	-1.867000
	-2.588762
	-1.813479
	2.419941
	-11.427777
	-4.795704
	-1.071582
	7.751890
	8.194758
	-10.991482
	19.095656
	0.732175
	10.169367
	-14.824096
	11.618890
	16.004339
	-1.752642
	-9.288909
	2.806705
	31.409308
	17.542988
	-3.676868
	-36.014386
	-9.875775
	6.904857
	6.530264
	-0.206984
	-2.502436
	-4.583228
	-3.675677
	-11.801391
	1.935106
	-8.187611
	12.334255
	5.006559
	-46.402037
	18.603125
	-8.036084
	10.841234
	20.675122
	-8.437414
	23.787192
	-2.810246
	-0.853005
	29.104608
	-6.990336
	0.854444
	10.037561
	0.273514
	-22.895656
	-6.853754
	23.829645
	-22.053323
	-13.278036
	1.512962
	6.224235
	3.396320
	1.600315
	-0.783523
	1.724632
	-4.286849
	-4.454197
	21.126259
	-5.050426
	19.624113
	23.555624
	-6.895936
	13.609936
	-2.751077
	2.693183
	1.858836
	43.892015
	10.027109
	5.143952
	0.307687
	29.400879
	1.292839
	4.011760
	12.077305
	8.535817
	-12.782922
	9.554566
	-2.457778
	3.831967
	-26.676079
	-2.663883
	37.644884
	-18.878199
	31.244837
	18.238869
	-5.312715
	-7.114089
	-8.279798
