	0.291086
	7.432816
	5.322392
	7.835197
	12.142973
	20.540039
	12.897949
	17.395710
	-5.689483
	2.089595
	-11.667995
	7.646461
	-4.762191
	18.664185
	-4.674021
	-1.403330
	3.450112
	10.844170
	2.473018
	-7.400338
	0.942715
	4.948701
	31.248009
	10.092795
	6.290873
	7.459677
	-1.515496
	6.913622
	10.883903
	4.147466
	5.359567
	6.651527
	10.104660
	-6.974917
	0.630754
	25.427325
	-6.932661
	2.838277
	-4.336199
	-19.712328
	12.208030
	-9.457055
	9.333263
	8.037462
	-7.592954
	12.460916
	-9.162957
	-0.359662
	15.725502
	5.603542
	9.183606
	-15.475952
	12.803123
	28.821611
	2.936623
	-1.885189
	6.265275
	-3.427397
	5.941187
	-2.238507
	7.903956
	17.169995
	-1.111853
	-1.164474
	-6.009821
	-12.616868
	18.121651
	2.619245
	17.349462
	4.379117
	1.635983
	-23.462837
	-7.523310
	-3.483036
	10.925607
	-19.314621
	8.065750
	-0.578191
	2.374232
	-3.734533
	16.472017
	15.511808
	-11.638319
	-12.466521
	15.152630
	4.753542
	-10.711941
	11.741053
	-15.196612
	-5.984065
	10.830672
	2.008964
	13.940456
